0.0582789,-0.308357,0.354689,9.66663,9.67976,14.8956,24.475,15.2115,0.387334,-0.0123988,3.66384,-0.0377858
1.00885,0.546539,1.7929,9.62984,9.77395,14.0842,24.5152,15.2123,0.351953,-0.00567048,3.66414,-0.0416878
1.84085,1.37167,3.33416,9.50492,9.78816,13.0563,24.5514,15.2125,0.323803,-0.00636192,3.66108,-0.0388963
2.76867,2.31346,4.75648,9.65372,9.66535,12.0441,24.5872,15.2415,0.433864,0.54377,3.60853,0.121152
3.75867,3.27788,5.97446,9.52187,9.95694,11.1692,24.6439,15.3108,0.72957,0.833622,4.23683,0.211088
4.77892,4.14588,7.06538,9.5544,9.85043,10.2044,24.7235,15.413,0.895262,1.1898,4.23334,0.303026
5.69545,5.13489,8.1149,9.62397,9.88147,8.96733,24.829,15.5453,1.1574,1.43253,3.63179,0.355395
6.79342,6.06496,8.91985,9.74443,9.94023,8.04026,24.9444,15.7143,1.21193,1.90733,3.0317,0.513893
7.72094,6.98116,9.70792,9.69037,9.99118,6.92832,25.0615,15.9346,1.31109,2.46878,2.41594,0.755007
8.71698,8.14406,10.2884,9.61855,9.9049,6.07197,25.2002,16.2087,1.42294,2.98018,2.98255,0.659062
9.71522,9.07553,10.9776,9.39087,9.87268,5.03631,25.359,16.4914,1.77951,2.81311,3.60988,0.56287
10.8188,10.0012,11.5543,9.42141,10.0112,3.97679,25.5354,16.7943,1.79471,3.17915,2.98436,0.731486
11.7511,10.9289,11.8855,9.36845,9.98217,2.9538,25.7135,17.1326,1.86293,3.63333,2.43266,0.869964
12.8758,11.8683,12.0368,9.26961,9.82278,1.98449,25.8999,17.5244,1.98263,4.1484,2.03069,0.805842
13.7915,13.0943,12.2777,9.45319,9.94061,1.05819,26.1033,17.9642,2.12232,4.63215,1.71516,0.735855
14.644,14.1782,12.362,9.39712,9.91373,0.10217,26.3209,18.4495,2.25527,5.10477,1.52872,0.701444
15.5367,15.1007,12.2178,9.44582,9.92091,-0.895961,26.5552,18.9857,2.45623,5.57136,1.44631,0.883593
16.4996,16.168,12.1309,9.36564,9.81427,-1.88719,26.8133,19.5656,2.62802,6.00613,1.43341,1.03276
17.3763,17.0237,11.9432,9.32657,9.79234,-2.90528,27.0739,20.1924,2.7421,6.42805,1.32681,1.23462
18.1615,18.0265,11.5048,9.46309,9.72455,-3.88324,27.3592,20.8483,2.88355,6.72008,1.38584,1.01261
19.1508,19.1668,11.1418,9.70063,9.78229,-4.88274,27.6376,21.5315,2.71077,7.00262,1.35451,0.841169
20.139,20.1661,10.6968,9.5994,9.81411,-5.95922,27.9252,22.2452,2.89236,7.27268,1.85444,1.07386
21.1007,21.1832,10.0813,9.66553,9.70686,-7.1065,28.221,22.9806,2.92618,7.47246,2.48848,1.11352
22.0612,22.1355,9.13048,9.44785,9.59339,-8.08269,28.52,23.7321,2.94548,7.51102,3.08291,1.0559
23.014,23.1409,8.20847,9.50771,9.54698,-9.06628,28.8146,24.4842,2.87408,7.51424,3.44511,1.03328
23.9651,24.0567,7.18085,9.44633,9.57531,-9.9552,29.1081,25.2268,2.9302,7.37127,3.42398,1.06949
24.8333,25.1319,6.21557,9.35837,9.69675,-10.9369,29.3711,25.9705,2.44329,7.48102,3.34171,1.01962
25.7253,26.3072,4.87987,9.26007,9.50536,-11.7818,29.561,26.7121,1.4105,7.26687,3.16759,0.964258
26.587,27.2061,3.61831,9.20275,9.50701,-12.7377,29.6501,27.4242,0.388325,6.96788,3.17044,0.937788
27.4509,28.3688,2.3188,9.32488,9.62126,-13.671,29.641,28.1109,-0.560334,6.65654,3.17411,0.917416
28.1975,29.282,0.851481,9.49369,9.49798,-14.8197,29.5754,28.7604,-0.920675,6.3911,2.65581,0.797255
