-0.445654,0.561895,0.253805,10.0204,9.47293,14.499,24.9288,15.0419,0.208467,0.280965,3.64142,0.0208988
0.685959,1.47686,1.73948,9.93685,9.35325,13.5433,24.9459,15.0697,0.191594,0.255424,3.64194,0.023603
1.57369,2.3321,2.89102,9.92488,9.39456,12.57,24.9622,15.0924,0.176308,0.239099,3.64287,0.0244772
2.63549,3.26187,4.03681,9.86369,9.60866,11.5481,24.9828,15.1457,0.25026,0.787988,3.59185,0.184125
3.49962,4.33969,5.28092,9.83734,9.71825,10.5033,25.0063,15.2582,0.27828,1.38704,2.96428,0.324836
4.42735,5.37848,6.31006,9.8597,9.62817,9.56687,25.0338,15.4256,0.400682,2.04238,2.33444,0.604737
5.57727,6.36923,7.11881,9.85298,9.69279,8.60134,25.0718,15.67,0.496765,2.76897,1.91936,0.895639
6.59263,7.22019,8.00948,9.7207,9.74898,7.49003,25.1316,15.9828,0.669197,3.45947,1.65372,1.16305
7.47979,8.32162,8.56593,9.81552,9.79418,6.72165,25.2036,16.3594,0.846015,4.09806,1.67835,1.04986
8.6267,9.11412,9.27222,9.70466,9.89364,5.73751,25.295,16.7939,0.981491,4.69571,1.65356,1.25966
9.40571,10.0614,9.81364,9.69423,9.79611,4.71718,25.4102,17.2907,1.337,5.1343,1.62814,1.26168
10.4388,11.1165,10.3398,9.81536,9.8618,3.70235,25.5535,17.8235,1.54148,5.60179,1.77213,1.26581
11.4358,12.2601,10.821,9.69338,9.89945,2.48533,25.703,18.3643,1.42156,5.1534,2.0449,1.25118
12.336,13.0331,11.0261,9.6403,9.85847,1.19934,25.853,18.9058,1.51453,5.63507,1.83125,1.26379
13.4064,13.9603,11.2336,9.56371,9.99761,0.237612,26.0068,19.4894,1.61185,6.08946,1.84857,1.2607
14.2966,15.0722,11.2011,9.43137,9.86631,-0.691127,26.1784,20.0995,1.57407,6.19469,2.4725,1.03467
15.2548,16.125,11.1722,9.50854,9.66862,-1.55146,26.3354,20.7227,1.52957,6.32348,3.10332,0.789684
16.1953,17.1198,10.9945,9.46566,9.8343,-2.33601,26.4898,21.356,1.57052,6.41505,3.49234,0.77845
17.2236,18.0018,10.5424,9.57218,9.72156,-3.39878,26.6606,21.986,1.76307,6.30135,3.53,0.89985
18.1911,18.856,10.1536,9.45491,9.72445,-4.46804,26.8369,22.6154,1.8179,6.32489,3.49725,0.870493
19.0349,19.7078,9.65776,9.45415,9.67359,-5.55408,27.0144,23.2507,1.69491,6.44341,3.537,0.865746
20.0495,20.7346,8.84134,9.52405,9.64649,-6.6512,27.1736,23.9005,1.55538,6.55893,3.55216,0.879471
20.8675,21.7089,8.26612,9.42932,9.7762,-7.58483,27.3203,24.5438,1.30417,6.38446,3.56198,0.879922
21.6373,22.6906,7.3757,9.36552,9.95189,-8.54971,27.4447,25.1685,1.14388,6.07857,3.58932,0.908243
22.3958,23.7442,6.4996,9.40845,9.87548,-9.59175,27.5375,25.7677,0.724671,5.88065,3.57538,0.906823
23.2938,24.6013,5.48253,9.34728,9.90942,-10.4929,27.5848,26.3417,0.182581,5.56817,3.57432,0.924357
24.3159,25.5769,4.33532,9.24879,9.75613,-11.5484,27.5762,26.9056,-0.46193,5.66536,3.51261,0.96469
25.1198,26.6488,2.96387,9.28078,9.80494,-12.6607,27.5352,27.48,-0.401255,5.84707,3.50228,1.0457
25.906,27.5895,1.75713,9.62559,9.88667,-13.665,27.4882,28.0825,-0.505862,6.06138,3.37477,1.09344
26.7974,28.5355,0.375195,9.72171,9.91735,-14.6189,27.3968,28.6612,-1.41932,5.5668,3.19746,0.985006
