-0.754467,-0.462188,-0.0899136,10.29,9.50542,15.1059,24.4267,14.9355,0.267081,-0.345625,3.6602,0.0058346
0.278238,0.427047,1.26738,10.1691,9.52212,14.041,24.4462,14.9037,0.239151,-0.319561,3.66022,0.000613545
1.41293,1.35091,2.67603,10.1366,9.59259,12.8752,24.4721,14.8719,0.222577,-0.291818,3.6593,0.00531387
2.31026,2.28401,3.69731,10.1582,9.48383,11.886,24.4965,14.8738,0.305462,0.347784,3.02515,0.225909
3.3843,3.214,4.83883,9.91587,9.39148,11.0279,24.5345,14.9437,0.486022,1.00067,2.69414,0.377777
4.47263,4.06605,5.89028,9.96515,9.37915,9.81427,24.5909,15.0836,0.60755,1.71593,2.32168,0.573077
5.43074,4.85998,6.76616,9.90986,9.30867,8.70253,24.661,15.2918,0.760827,2.43711,2.07142,0.76058
6.46798,5.67589,7.46047,9.72214,9.38365,7.67284,24.7426,15.5724,0.893515,3.12942,2.06228,0.722752
7.37826,6.70642,7.93153,9.92875,9.49465,6.75645,24.8465,15.9178,1.06764,3.74957,1.96187,0.69801
8.456,7.65193,8.77684,9.84496,9.47891,5.73879,24.9625,16.3236,1.23033,4.30529,1.79459,0.6827
9.53061,8.68295,9.23716,9.9436,9.63824,4.81334,25.0986,16.779,1.51771,4.76416,1.95831,0.7576
10.5822,9.7116,9.65804,9.83473,9.65257,3.81387,25.2529,17.2823,1.61319,5.2563,1.98789,0.735287
11.5837,10.5953,9.96481,9.98231,9.71641,2.75046,25.4279,17.8208,1.8696,5.59084,2.17491,0.861539
12.3682,11.7359,10.0661,9.94745,9.78897,1.89751,25.621,18.3923,2.01589,5.90381,2.51337,0.878013
13.2241,12.6988,10.2384,9.86694,9.86255,0.848743,25.8328,18.9953,2.15161,6.1211,2.69205,0.892275
14.1194,13.6673,10.0855,9.92192,9.87164,0.0676328,26.0513,19.6096,2.23854,6.26184,3.02671,0.808884
15.2243,14.7067,10.1811,9.79943,9.74128,-0.804978,26.2878,20.2132,2.52435,5.8304,3.55243,0.763305
16.2917,15.6201,10.1358,9.82287,9.73784,-1.84259,26.5182,20.8066,2.06864,6.01901,3.60067,0.745745
17.3479,16.5349,9.90846,9.858,9.6159,-2.8784,26.735,21.3973,2.33943,5.73769,3.55326,0.802271
18.3518,17.4805,9.68043,9.9028,9.45007,-3.8196,26.9535,21.9747,2.15176,5.83199,3.58026,0.782694
19.4892,18.4726,9.33541,9.76212,9.33964,-4.98801,27.1562,22.5538,1.89691,5.84195,3.59339,0.797592
20.3721,19.4737,8.74696,9.78469,9.33247,-5.97066,27.3417,23.1286,1.80045,5.73779,3.61419,0.805655
21.2128,20.3233,8.1308,9.73954,9.45963,-6.69254,27.5134,23.7085,1.68535,5.8838,3.62745,0.852139
22.2828,21.2786,7.30521,9.81288,9.42593,-7.67279,27.6705,24.273,1.55163,5.41697,3.67556,0.893826
23.3554,22.2579,6.50903,9.69148,9.25156,-8.50027,27.8173,24.8082,1.44837,5.24832,3.65867,0.911923
24.4366,23.4539,5.72054,9.57593,9.23751,-9.51315,27.9455,25.3239,1.18758,5.0868,3.64708,0.945713
25.1783,24.3712,4.8176,9.79605,9.19639,-10.5056,28.0407,25.8107,0.869325,4.66295,3.66121,0.952695
26.1733,25.2858,3.83371,9.64257,9.26211,-11.6553,28.1221,26.2403,0.790677,3.83547,3.73259,0.998611
27.1431,26.102,2.61783,9.56466,9.23431,-12.6812,28.2062,26.6407,0.775766,4.10334,3.63401,1.16831
28.0585,26.9613,1.17887,9.58307,9.17068,-13.7478,28.2769,27.0357,0.708509,3.77651,3.62911,1.19706
