-0.260813,-0.185363,0.375448,10.2489,10.8425,15.7742,25.3351,14.2939,0.293208,-0.140849,3.652,-0.0227897
0.712996,0.784312,1.98569,10.2629,10.8871,14.7359,25.3696,14.2863,0.264594,-0.128426,3.65207,-0.0248943
1.7382,1.65807,3.41134,10.1764,10.6929,13.7383,25.3977,14.2754,0.246894,-0.111299,3.65743,-0.0209164
2.58109,2.81653,4.81074,10.1053,10.6092,12.7352,25.4223,14.2923,0.325498,0.515259,3.03163,0.199936
3.5819,4.00535,6.13012,10.0531,10.6114,11.7616,25.4521,14.3853,0.422454,1.22594,2.4207,0.33072
4.64653,4.996,7.2509,10.0051,10.561,10.7949,25.4994,14.5503,0.557163,1.98944,2.00144,0.504605
5.50582,6.01234,8.30318,9.84446,10.4881,9.77555,25.5643,14.7917,0.680184,2.74147,1.75197,0.732218
6.52448,6.95571,9.24704,9.85908,10.4878,8.64087,25.6403,15.0975,0.837896,3.44519,1.65067,0.95164
7.42426,7.91446,9.95612,9.94362,10.6045,7.58201,25.7349,15.4764,1.00704,4.09131,1.62231,1.14453
8.45654,8.94225,10.7924,9.64121,10.5362,6.50652,25.8422,15.9147,1.22089,4.66642,1.3224,1.06634
9.40828,9.99913,11.4462,9.62311,10.6363,5.49924,25.981,16.409,1.52019,5.15501,1.47129,1.21495
10.1725,11.0765,12.0415,9.58992,10.8186,4.5456,26.143,16.9437,1.67771,5.58836,1.80182,1.25493
11.1652,12.3785,12.6384,9.56421,10.8921,3.49437,26.3189,17.526,1.79231,6.02534,1.99645,1.24463
12.1294,13.5381,13.0269,9.70558,10.6712,2.60035,26.4955,18.1501,1.79844,6.43942,2.13236,1.2254
13.0777,14.5969,13.2797,9.81831,10.7346,1.63717,26.68,18.8094,1.86678,6.71158,2.39737,0.969439
14.0544,15.6712,13.3432,9.96365,10.7363,0.669179,26.8724,19.4922,1.91342,6.96317,2.60457,0.959753
14.955,17.0011,13.3638,10.0577,10.675,-0.204268,27.0625,20.1984,1.88223,7.16264,2.91474,0.867327
15.8234,17.9757,13.3319,10.156,10.6028,-1.11422,27.2539,20.9189,1.92458,7.23597,3.00342,0.885164
16.9377,19.0351,13.2175,10.024,10.4009,-2.20449,27.4448,21.6495,1.77598,7.38117,3.24946,0.848518
17.7534,20.06,12.9648,9.95299,10.2987,-3.08277,27.6193,22.3935,1.70003,7.4397,3.35207,0.889239
18.8616,20.9299,12.7033,9.91594,10.2509,-4.04774,27.7864,23.1415,1.60724,7.50493,3.2868,0.933041
19.8009,21.9779,12.1391,9.77517,10.0891,-5.11448,27.9377,23.8976,1.521,7.63935,2.65924,1.09155
20.8151,23.0654,11.7523,9.751,10.048,-6.06727,28.0801,24.6757,1.51162,7.87444,2.03035,1.21094
21.8588,24.1448,11.1544,9.71422,10.1498,-6.88096,28.2426,25.4763,1.66593,8.10804,1.80992,1.24914
22.8642,25.1742,10.4173,9.65003,10.1304,-7.88836,28.4175,26.2984,1.82006,8.34226,1.76374,1.2669
23.7201,26.2141,9.42181,9.52866,10.1544,-8.93701,28.6011,27.1455,1.95295,8.571,1.73541,1.25502
24.7613,27.1614,8.27412,9.42907,10.1358,-9.87107,28.797,28.0087,2.04779,8.78447,1.87899,1.25262
25.6548,28.1136,7.29049,9.43808,10.1486,-10.845,29.0154,28.8916,2.27426,8.89073,1.78308,1.25314
26.4395,29.2886,5.95496,9.50473,10.3815,-11.7597,29.2437,29.788,2.41845,9.00916,2.10119,1.25811
27.5658,30.247,4.61095,9.49419,10.3566,-12.7221,29.4945,30.6809,2.52314,8.97435,2.56183,1.26364
28.4294,31.4194,3.35259,9.46274,10.493,-13.8018,29.7428,31.5806,2.41992,9.05444,2.77469,1.26206
29.4296,32.392,1.98939,9.44276,10.2501,-14.7284,29.9842,32.4812,2.4656,9.0339,2.63881,1.26149
30.3941,33.3322,0.493682,9.38542,10.1102,-15.7663,30.1973,33.3122,1.79807,7.65545,3.27086,1.2579
