0.148224,0.432994,0.0617279,9.457,10.233,15.6567,25.2854,10.3589,-0.323975,0.0565968,3.51854,0.0398432
1.29103,1.37058,1.75343,9.60604,10.1675,14.6699,25.2505,10.3656,-0.300393,0.0534224,3.51488,0.0387356
2.29278,2.21675,3.11574,9.69775,10.1946,13.7225,25.2235,10.3762,-0.272969,0.0470369,3.51363,0.0373956
3.31547,3.06698,4.34823,9.69743,10.0949,12.5668,25.1908,10.4177,-0.276459,0.752559,2.88549,0.259482
4.09593,4.03084,5.59867,9.64049,10.1675,11.6598,25.1553,10.5322,-0.230237,1.51817,2.26218,0.303428
5.01022,5.10923,6.77021,9.65544,10.2907,10.6956,25.1352,10.725,-0.0521458,2.29213,1.6357,0.458001
6.06759,5.87545,7.68759,9.81669,10.3594,9.60353,25.1352,10.9926,0.103931,3.05437,1.33184,0.493232
7.11365,6.79906,8.69194,9.96979,10.1968,8.84154,25.1541,11.3289,0.372621,3.72726,1.27223,0.640211
8.171,7.65786,9.46101,9.87967,10.1539,7.93229,25.2103,11.7388,0.666312,4.33428,1.23196,0.741738
9.23168,8.72823,10.2791,9.76591,10.0995,7.05959,25.2939,12.1957,0.954288,4.88664,1.21886,0.864423
10.3859,9.79844,11.0122,9.83038,10.0627,6.00603,25.4002,12.7121,1.16513,5.4088,1.26781,1.03794
11.5786,10.6618,11.3987,9.77578,10.0375,4.95503,25.5217,13.2763,1.35625,5.89362,1.27971,1.08256
12.6743,11.7804,11.9869,9.93012,10.0225,3.99404,25.6694,13.8856,1.5311,6.34275,1.28134,1.19955
13.6213,12.7822,12.2272,9.75049,10.1266,3.20332,25.8327,14.5441,1.69353,6.75166,1.27137,1.25839
14.5874,13.9176,12.5715,9.69106,10.1204,2.17381,26.0154,15.2323,1.90449,7.1071,1.19949,1.25733
15.5899,15.1071,12.6925,9.61973,10.2455,1.15443,26.2198,15.9587,2.16249,7.40568,1.12813,1.24563
16.5699,16.1029,12.72,9.4691,10.2253,0.160264,26.4449,16.7089,2.35177,7.69561,1.18128,1.24682
17.5301,17.07,12.6882,9.51979,10.218,-0.81465,26.6855,17.4949,2.48585,7.98013,1.21845,1.24727
18.5474,17.8784,12.5896,9.41515,10.1192,-1.75198,26.9452,18.3065,2.62554,8.24392,1.20836,1.24784
19.4529,18.9297,12.4153,9.3809,10.2015,-2.86626,27.2151,19.1428,2.71099,8.49629,1.26028,1.2482
20.3248,19.8993,11.9812,9.39982,10.2511,-3.88837,27.4942,20.0094,2.86715,8.70248,1.17483,1.25191
21.2646,20.8149,11.818,9.46323,10.207,-4.87987,27.7865,20.892,2.92324,8.9194,1.27387,1.25604
22.2862,21.8208,11.3259,9.44392,10.1121,-5.94885,28.0834,21.7983,3.00053,9.11372,1.24793,1.26021
23.3059,22.9625,10.6498,9.41302,10.1127,-6.98627,28.3873,22.7156,3.08427,9.2932,1.34541,1.25578
24.3524,24.0294,9.78934,9.43065,10.0447,-7.79466,28.7008,23.6516,3.26689,9.40891,1.12788,1.26374
25.111,24.8017,8.9403,9.3705,9.95705,-8.84577,29.0423,24.592,3.54665,9.43975,0.973175,1.25931
25.9825,26.0505,8.30789,9.40303,9.88639,-10.0374,29.41,25.537,3.7422,9.51595,1.05283,1.25931
26.8978,26.9548,7.30257,9.31185,10.0135,-11.1492,29.783,26.4928,3.82801,9.63073,1.15748,1.25736
27.8573,28.0966,6.00192,9.32963,9.94214,-12.1435,30.1739,27.4593,3.95,9.71915,1.10856,1.25763
28.6878,29.0936,4.7081,9.43739,9.95708,-13.1606,30.5716,28.4336,3.98964,9.82902,1.20119,1.25944
29.5965,30.13,3.39726,9.39422,9.89216,-14.0712,30.9678,29.4245,3.92307,9.96371,1.30026,1.25666
30.4847,31.0781,1.88521,9.44804,10.0337,-15.1672,31.3585,30.423,3.96739,10.056,1.2302,1.19736
31.3861,31.9647,0.44565,9.21238,9.88618,-16.0521,31.7545,31.4377,4.01817,10.1405,1.18093,0.565389
